1446827005 289
1446827794 586
1447149436 588
1447149686 582
1447149809 583
1447175958 583
1447176129 541
1447176230 293
1447176377 334
1447176514 335
1447266711 475
1447267767 485
1447269876 497
1447269930 518
1447319965 519
1447320028 541
1447320232 547
1447350591 554
1447350777 554
1447351288 554
1447428794 563
1447431882 725
1447432675 740
1447433603 740
1447435465 774
1447435896 755
1448038297 931
1448039260 1754
1448118210 1862
1448121378 1861
1448121621 1042
1448381024 1043
1448381254 1043
1448383172 1073
1448384778 1073
1448385426 1073
1448385466 1032
1448524640 1032
1448549775 1037
1448560921 1042
1448883901 1027
1448886601 1220
1448906996 1215
1448919208 1268
1449088832 1296
1449090382 1323
1449090472 1323
1449090661 1313
1449090837 1313
1449503903 1313
1449504279 1313
1449508171 1313
1449846032 1322
1449847022 1346
1449848461 1631
1450017056 1709
1450017100 1787
1450017339 1554
1450018119 1591
1450019062 1598
1450019081 1599
1453649062 1599
1453649491 1397
1453649716 775
1453650118 1014
1453650148 1016
1453650321 1328
1453652018 1338
1453652373 1338
1453804386 1356
1453804465 1366
1453806707 1368
1453806865 1427
1453807239 1427
1453975285 1452
1453975355 1454
1454054488 1477
1454055243 1463
1454057625 1461
1454253008 1460
1454254536 1409
1454408180 1417
1454408841 1425
1454409013 1431
1454620662 1406
1455186644 1562
1455186675 1716
1455204210 1746
1455207263 1797
1455209267 1803
1457624477 1816
1457700730 1823
1458495184 1801
1458496581 1801
1458498109 1801
1458499966 2369
1458500696 2376
1458819005 2378
1459417913 164
1459418429 165
1459418562 1080
1459418719 1080
1459418993 1087
1459419147 1085
1459439207 1199
1459443014 1208
1459449213 1213
1459449370 1405
1459512062 1411
1459609105 1367
1460300131 1422
1460300225 1555
1460617577 1581
1460628385 1621
1460629682 1621
1460629820 1628
1460638925 1632
1462117731 1631
1462118567 1658
1462119142 1663
1462975930 1655
1462981431 1773
1463068170 1773
1463068206 1780
1463068308 1877
1463068757 1876
1463125762 1875
1463125872 1874
1463679771 1876
1463679824 1887
1463755322 1898
1463756416 1898
1463756529 1920
1463757039 1920
1463762006 1942
1463762646 1950
1463762918 1986
1463763880 1967
